H=[18.3,
 2.9,
 7.6,
 9.4,
 25.4,
 33.8,
 20.2,
 26.4,
 107.4,
 10.7,
 48.6,
 11.7,
 42.1,
 16,
 9.5,
 20.9,
 56.3,
 59.1,
 1.1,
 9.7,
 21.4,
 43.1,
 13.3,
 16.2,
 142.5,
 9.7,
 152.9,
 5.3,
 14.2,
 7.1,
 10.6,
 5.3,
 14.4,
 0.8,
 1.4,
 3,
 0.6,
 7.1,
 6.6,
 0.1,
 0.4,
 9.7,
 2.2,
 0.1,
 0.5,
 9.1,
 0.1,
 0.2,
 0.6,
 5.9,
 2.2,
 1,
 2.9,
 11.9,
 1.1,
 0.8,
 1.7,
 5.6,
 6.7,
 37.6,
 65.1,
 72.1,
 27,
 11.1,
 113.9,
 92.1,
 55.5,
 122.4,
 823.4,
 66.8,
 33,
 44.7,
 66.6,
 9.7,
 8.9,
 10.4,
 18,
 11.9,
 16.5,
 27.5,
 64.9,
 10.4,
 140.9,
 47.3,
 38.6,
 65.5,
 7.8,
 30.8,
 77.2,
 4.2,
 11.6,
 9.6,
 7.1,
 33.1,
 141.6,
 0.8,
 132.5,
 2.8,
 3.2,
 7.7,
 6.9,
 7.1,
 56.7,
 256.5,
 28.1,
 1.9,
 19.2,
 25.3,
 10,
 6.4,
 29.5,
 252.2,
 19.9,
 22.3,
 39.3,
 22.7,
 4.9,
 43.8,
 180,
 20.9,
 40.9,
 24,
 33.6,
 8039,
 24.3,
 12.1,
 16.8,
 43.5,
 42.8,
 16.7,
 9.5,
 53.8,
 14.8,
 28,
 57.1,
 3.3,
 9.3,
 39.3,
 11.6,
 14.7,
 28.3,
 1027.8,
 384.8,
 16.2,
 1610.8,
 41.3,
 353.8,
 486.9,
 18.2,
 1859.9,
 112.8,
 50.6,
 343.5,
 100.1,
 9.1,
 45.2,
 1613.5,
 842.9,
 17.8,
 13.2,
 20.4,
 16.2,
 9.3,
 17.9,
 36.7,
 20.1,
 20.1,
 58.7,
 2.2,
 43.4,
 20.5,
 16,
 22.1,
 17.8,
 17.2,
 115.6,
 9.6,
 9354.1,
 5209,
 73,
 15667,
 13100.4,
 11456,
 993.7,
 10064.4,
 14600.9,
 224.2,
 136.5,
 474.6,
 133.8,
 13.9,
 19.4,
 15.4,
 25.2,
 25.8,
 27.7,
 7.9,
 31.9,
 45.6,
 11.5,
 6,
 73.1,
 19.3,
 23.2,
 22,
 31,
 77.5,
 61.5,
 34.3,
 9.7,
 7.4,
 88.6,
 21.8,
 8.6,
 30.2,
 9.5,
 29.1,
 928.5,
 80.1,
 89,
 22.6,
 37.2,
 6664.8,
 0.3,
 296.2,
 73.7,
 1974,
 5.2,
 35.1,
 18.4,
 5.7,
 28.4,
 11.3,
 12.3,
 15.1,
 22,
 10.1,
 15.5,
 138.4,
 0,
 0.1,
 0,
 38.4,
 0.3,
 0.3,
 0.2,
 48.2,
 63.8,
 12.5,
 13,
 27.5,
 71.7,
 390.5,
 22.1,
 71.6,
 164.3,
 53.3,
 288.5,
 48.9,
 68.6,
 71,
 215.3,
 34.5,
 33.5,
 62,
 830,
 1938.8,
 344.9,
 185.6,
 9.2,
 22.9,
 424.6,
 43.1,
 143.5,
 687.2,
 2560.8,
 43,
 30.8,
 8.1,
 31,
 45.9,
 34.6,
 17.4,
 4.7,
 2,
 46.2,
 61.7,
 112,
 82.4,
 782.6,
 70.3,
 3422.1,
 13361.4,
 11229,
 23.9,
 12365,
 4001.1,
 8429.1,
 3486.6,
 2910.7,
 626.2,
 8388,
 9273.8,
 8388.1,
 7787.2,
 8654.8,
 1886.6,
 8511.8,
 13252,
 8511.8,
 9618.3,
 2525.2,
 8656.5,
 3876.2,
 8937.5,
 965.5,
 87.6,
 0.1,
 0.8,
 0.8,
 0.2,
 0,
 0.8,
 0.2,
 0.1,
 2.4,
 0,
 0.1,
 6.8,
 0.9,
 0.3,
 0.4,
 6.8,
 34.3,
 8601.5,
 23.1,
 0.7,
 0.5,
 70.5,
 0.4,
 280.7,
 0.6,
 0.2,
 1225.6,
 133.4,
 4]